1 1                         HSPATM IETO
0							TIME
-1.70197E-07				ATMBC
3600						TIME	
-2.13343E-07				ATMBC
7200
-2.14261E-07
10800
-2.12792E-07
14400
-1.77358E-07
18000
-1.27235E-07
21600
-7.4358E-08
25200
-4.35132E-08
28800
-1E-12
32400
-1E-12
36000
-1E-12
39600
-1E-12
43200
-1E-12
46800
-1E-12
50400
-1E-12
54000
-1E-12
57600
-1E-12
61200
-1E-12
64800
-1E-12
68400
-1E-12
72000
-1E-12
75600
-6.71976E-08
79200
-1.85069E-07
82800
-1.51286E-07
86400
-1.4945E-07
90000
-1.72217E-07
93600
-2.19769E-07
97200
-7.1604E-08
100800
-1.56794E-07
104400
-1.70748E-07
108000
-1.19891E-07
111600
-4.55328E-08
115200
-1.4688E-09
118800
-1E-12
122400
-1E-12
126000
-1E-12
129600
2.22221E-07
133200
3E-06
136800
6.1111E-07
140400
-1E-12
144000
-1E-12
147600
-1E-12
151200
5.55546E-08
154800
-1E-12
158400
-2.9376E-09
162000
-6.9768E-09
165600
-2.31336E-08
169200
-5.63652E-08
172800
-1.59732E-07
176400
-9.46292E-08
180000
-1.15484E-07
183600
-1.90026E-07
187200
-1.68545E-07
190800
-1.56978E-07
194400
-6.9768E-08
198000
-1.81764E-08
201600
-6.0588E-09
205200
7.77777E-07
208800
5.55546E-08
212400
-1E-12
216000
-1E-12
219600
-1E-12
223200
-1E-12
226800
-1E-12
230400
5.55546E-08
234000
-1E-12
237600
-1E-12
241200
-1E-12
244800
-1E-12
248400
-5.52636E-08
252000
-8.3538E-08
255600
-1.21176E-07
259200
-1.47982E-07
262800
-1.17137E-07
266400
-1.93331E-07
270000
-1.98839E-07
273600
-1.98288E-07
277200
-1.47064E-07
280800
-1.0098E-07
284400
-4.42476E-08
288000
-3.672E-09
291600
-1E-12
295200
-1E-12
298800
-1E-12
302400
-1E-12
306000
-1E-12
309600
-1E-12
313200
-1E-12
316800
-1E-12
320400
-1E-12
324000
-1E-12
327600
-1E-12
331200
-1E-12
334800
-5.58144E-08
338400
-1.41005E-07
342000
-1.38985E-07
345600
-1.60283E-07
349200
-1.83784E-07
352800
-1.85069E-07
356400
-1.6322E-07
360000
-1.61384E-07
363600
-1.49818E-07
367200
-7.78464E-08
370800
-6.6096E-09
374400
2.22221E-07
378000
8.33332E-07
381600
2.38889E-06
385200
1.11111E-06
388800
5.55546E-08
392400
2.77777E-07
396000
3.88888E-07
399600
-1E-12
403200
-1E-12
406800
5.55546E-08
410400
-1E-12
414000
-1E-12
417600
-1E-12
421200
-5.25096E-08
424800
-8.8128E-08
428400
-1.6983E-07
432000
-7.2522E-08
435600
-3.87396E-08
439200
3.75119E-07
442800
-1.23379E-07
446400
-1.60099E-07
450000
1.5308E-07
453600
-6.53616E-08
457200
-2.22156E-08
460800
-1.1016E-09
464400
-1E-12
468000
-1E-12
471600
-1E-12
475200
-1E-12
478800
-1E-12
482400
-1E-12
486000
-1E-12
489600
-1E-12
493200
5.55546E-08
496800
-1E-12
500400
-1E-12
504000
-4.7736E-09
507600
-3.91068E-08
511200
-1.2393E-07
514800
-1.4229E-07
518400
-1.7644E-07
522000
-2.2032E-07
525600
-1.57712E-07
529200
-1.83967E-07
532800
1.15E-07
536400
-6.426E-08
540000
-7.54596E-08
543600
-4.9572E-09
547200
-2.3868E-09
550800
-1E-12
554400
-1E-12
558000
-1E-12
561600
-1E-12
565200
-1E-12
568800
-1E-12
572400
-1E-12
576000
-1E-12
579600
-1E-12
583200
-1E-12
586800
-1E-12
590400
-1E-12
594000
-2.64564E-09
597600
-1.04652E-07
601200
-1.57162E-07
604800
-1.9021E-07
608400
-1.78643E-07
612000
-1.88741E-07
615600
-1.61017E-07
619200
-1.45595E-07
622800
-9.639E-08
626400
-4.47984E-08
630000
5.24344E-08
633600
-1E-12
637200
-1E-12
640800
5.55546E-08
644400
-1E-12
648000
8.33332E-07
651600
1.83333E-06
655200
5.55546E-08
658800
-1E-12
662400
-1E-12
666000
-1E-12
669600
-1E-12
673200
-4.0392E-09
676800
-5.8752E-09
680400
-1.50552E-08
684000
-7.49088E-08
687600
-1.21176E-07
691200
-1.32376E-07
694800
-1.7442E-07
698400
-2.04898E-07
702000
-1.11996E-07
705600
-1.78643E-07
709200
-1.1475E-07
712800
-9.12492E-08
716400
-2.12976E-08
720000
-2.2032E-09
723600
-1E-12
727200
-1E-12
730800
-1E-12
734400
-1E-12
738000
-1E-12
741600
-1E-12
745200
-1E-12
748800
-1E-12
752400
-1E-12
756000
-1E-12
759600
-1E-12
763200
-6.426E-09
766800
-4.81032E-08
770400
-9.49212E-08
774000
-1.49634E-07
777600
-1.62119E-07
781200
-1.78643E-07
784800
-2.31336E-07
788400
-2.15363E-07
792000
-1.84151E-07
795600
-1.49818E-07
799200
-8.28036E-08
802800
-1.98288E-08
806400
-1.2852E-09
810000
-1E-12
813600
-1E-12
817200
-1E-12
820800
-1E-12
824400
-1E-12
828000
-1E-12
831600
-1E-12
835200
-1E-12
838800
-1E-12
842400
-1E-12
846000
-1E-12
849600
-1E-12
853200
-6.68304E-08
856800
-1.6781E-07
860400
-2.17015E-07
864000
-2.54837E-07
867600
-1.52388E-07
871200
-1.6781E-07
874800
-1.81213E-07
878400
-1.79928E-07
882000
-1.34579E-07
885600
-1.04101E-07
889200
-4.44312E-08
892800
-1E-12
896400
-1E-12
900000
-1E-12
903600
-1E-12
907200
-1E-12
910800
-1E-12
914400
-1E-12
918000
-1E-12
921600
-1E-12
925200
-1E-12
928800
-1E-12
932400
-1E-12
936000
-1E-12
939600
-5.03064E-08
943200
-1.52939E-07
946800
-1.33844E-07
950400
-1.63588E-07
954000
-1.76072E-07
957600
-1.7901E-07
961200
-1.75889E-07
964800
-1.4688E-07
968400
-1.24848E-07
972000
1.85794E-07
975600
1.82397E-06
979200
-2.9376E-09
982800
-1E-12
986400
-1E-12
990000
-1E-12
993600
-1E-12
997200
-1E-12
1000800
-1E-12
1004400
5.55546E-08
1008000
-1E-12
1011600
-1E-12
1015200
-1E-12
1018800
-1E-12
1022400
-1.17504E-08
1026000
-4.09428E-08
1029600
-5.76504E-08
1033200
-8.95968E-08
1036800
-1.90393E-07
1040400
-2.03612E-07
1044000
-1.80662E-07
1047600
-1.81764E-07
1051200
3.9371E-06
1054800
5.55546E-08
1058400
-1.6524E-09
1062000
-1E-12
1065600
-1E-12
1069200
5.55546E-08
1072800
1.1111E-07
1076400
7.77777E-07
1080000
4.44443E-07
1083600
-1E-12
1087200
-1E-12
1090800
-1E-12
1094400
-1E-12
1098000
-1E-12
1101600
-1E-12
1105200
-1E-12
1108800
-3.672E-10
1112400
-4.9572E-08
1116000
-1.23563E-07
1119600
-2.07468E-07
1123200
-2.29316E-07
1126800
-2.25644E-07
1130400
-1.6726E-07
1134000
-1.14825E-07
1137600
1.11074E-06
1141200
2.33333E-06
1144800
6.1111E-07
1148400
1.16667E-06
1152000
5.55555E-07
1155600
9.99999E-07
1159200
3.33332E-07
1162800
-1E-12
1166400
-1E-12
1170000
-1E-12
1173600
-1E-12
1177200
-1E-12
1180800
-1E-12
1184400
-1E-12
1188000
-1E-12
1191600
-1E-12
1195200
-7.8948E-09
1198800
-5.049E-08
1202400
-8.31708E-08
1206000
-1.44201E-07
1209600
-1.92413E-07
1213200
-1.1934E-07
1216800
3.35236E-08
1220400
-1.81213E-07
1224000
2.67896E-07
1227600
-1.54224E-07
1231200
-8.75772E-08
1234800
-4.9572E-09
1238400
3.88888E-07
1242000
3.33332E-07
1245600
-1E-12
1249200
-1E-12
1252800
-1E-12
1256400
-1E-12
1260000
-1E-12
1263600
5.55546E-08
1267200
-1E-12
1270800
-1E-12
1274400
-1E-12
1278000
-1E-12
1281600
-2.5704E-09
1285200
-1.1016E-08
1288800
9.93607E-08
1292400
1.03584E-07
1296000
9.73411E-08
1299600
1.98721E-07
1303200
8.37036E-09
1306800
-3.41496E-08
1310400
-2.40516E-08
1314000
-1.52388E-08
1317600
-1.45044E-08
1321200
-2.754E-09
1324800
5.55546E-08
1328400
1.66666E-07
1332000
2.22221E-07
1335600
-1E-12
1339200
-1E-12
1342800
-1E-12
1346400
-1E-12
1350000
-1E-12
1353600
-1E-12
1357200
-1E-12
1360800
-1E-12
1364400
1.1111E-07
1368000
1.1111E-07
1371600
9.66067E-08
1375200
-4.81032E-08
1378800
-1.17504E-07
1382400
-2.07284E-07
1386000
-1.489E-07
1389600
-8.22528E-08
1393200
-3.92904E-08
1396800
-2.79072E-08
1400400
-1.72584E-08
1404000
-9.71244E-08
1407600
-1.24848E-08
1411200
-7.1604E-09
1414800
-1E-12
1418400
-1E-12
1422000
-1E-12
1425600
-1E-12
1429200
-1E-12
1432800
-1E-12
1436400
-1E-12
1440000
-1E-12
1443600
-1E-12
1447200
-1E-12
1450800
-1E-12
1454400
-1E-12
1458000
-5.508E-08
1461600
-1.18789E-07
1465200
-1.43392E-07
1468800
-1.9021E-07
1472400
-1.86538E-07
1476000
-3.91068E-08
1479600
-1.4027E-07
1483200
5.96279E-08
1486800
7.26876E-09
1490400
-5.967E-08
1494000
-9.9144E-09
1497600
-3.4884E-09
1501200
-1E-12
1504800
3.22222E-06
1508400
5.55555E-07
1512000
5.55555E-07
1515600
5.55546E-08
1519200
-1E-12
1522800
-1E-12
1526400
-1E-12
1530000
-1E-12
1533600
-1E-12
1537200
-1E-12
1540800
-1E-12
1544400
1.94436E-09
1548000
-9.23508E-08
1551600
-1.67443E-07
1555200
-1.70748E-07
1558800
-1.87823E-07
1562400
1.82599E-06
1566000
1.59139E-07
1569600
2.81483E-07
1573200
-9.47376E-08
1576800
-9.89604E-08
1580400
1.35112E-08
1584000
-1E-12
1587600
-1E-12
1591200
-1E-12
1594800
-1E-12
1598400
-1E-12
1602000
-1E-12
1605600
-1E-12
1609200
-1E-12
1612800
-1E-12
1616400
-1E-12
1620000
-1E-12
1623600
-1E-12
1627200
-1E-12
1630800
-5.48964E-08
1634400
-1.1475E-07
1638000
-1.79377E-07
1641600
-1.91862E-07
1645200
-1.59365E-07
1648800
-1.68361E-07
1652400
-1.61017E-07
1656000
-9.95864E-08
1659600
-1.34579E-07
1663200
-1.05754E-07
1666800
-7.8948E-09
1670400
-4.0392E-09
1674000
-1E-12
1677600
-1E-12
1681200
-1E-12
1684800
-1E-12
1688400
-1E-12
1692000
5.55546E-08
1695600
-1E-12
1699200
-1E-12
1702800
-1E-12
1706400
-1E-12
1710000
-1E-12
1713600
2.22221E-07
1717200
6.62444E-07
1720800
9.20167E-08
1724400
1.5E-06
1728000
-1.17137E-07
1731600
-2.34641E-07
1735200
-2.27664E-07
1738800
-2.07835E-07
1742400
-2.55204E-08
1746000
-1.34028E-08
1749600
9.44443E-07
1753200
3.33332E-07
1756800
3.33332E-07
1760400
-1E-12
1764000
-1E-12
1767600
5.55546E-08
1771200
-1E-12
1774800
-1E-12
1778400
-1E-12
1782000
-1E-12
1785600
-1E-12
1789200
-1E-12
1792800
-1E-12
1796400
5.55546E-08
1800000
-1E-12
1803600
-3.1212E-09
1807200
-7.27056E-08
1810800
-1.22645E-07
1814400
-1.948E-07
1818000
-1.56427E-07
1821600
-1.70932E-07
1825200
-1.85252E-07
1828800
-1.77358E-07
1832400
-1.4229E-07
1836000
-1.01347E-07
1839600
-1.63404E-08
1843200
-1E-12
1846800
-1E-12
1850400
-1E-12
1854000
-1E-12
1857600
-1E-12
1861200
-1E-12
1864800
-1E-12
1868400
-1E-12
1872000
-1E-12
1875600
-1E-12
1879200
-1E-12
1882800
-1E-12
1886400
-1E-12
1890000
-5.967E-08
1893600
-7.65612E-08
1897200
-1.46329E-07
1900800
-1.76256E-07
1904400
-1.75705E-07
1908000
-2.66404E-07
1911600
-2.94311E-07
1915200
-2.34274E-07
1918800
-1.18973E-07
1922400
-9.25344E-08
1926000
-1.63404E-08
1929600
-1E-12
1933200
-1E-12
1936800
-1E-12
1940400
-1E-12
1944000
-1E-12
1947600
-1E-12
1951200
-1E-12
1954800
-1E-12
1958400
-1E-12
1962000
-1E-12
1965600
-1E-12
1969200
-1E-12
1972800
-7.344E-10
1976400
-5.4162E-08
1980000
-7.69284E-08
1983600
-1.60283E-07
1987200
-2.24726E-07
1990800
-1.83967E-07
1994400
-2.17199E-07
1998000
-1.89475E-07
2001600
-1.67443E-07
2005200
-1.24664E-07
2008800
-8.75772E-08
2012400
-2.18484E-08
2016000
-1.4688E-09
2019600
-1E-12
2023200
-1E-12
2026800
-1E-12
2030400
-1E-12
2034000
-1E-12
2037600
-1E-12
2041200
-1E-12
2044800
-1E-12
2048400
-1E-12
2052000
-1E-12
2055600
-1E-12
2059200
-9.18E-10
2062800
-4.131E-08
2066400
-9.4554E-08
2070000
-1.43575E-07
2073600
-1.58814E-07
2077200
-1.58447E-07
2080800
-4.81032E-08
2084400
1.26034E-06
2088000
1.47973E-07
2091600
-1.0557E-07
2095200
2.10472E-07
2098800
1.48164E-06
2102400
1.1111E-07
2106000
1.66666E-07
2109600
1.38889E-06
2113200
1.66666E-07
2116800
-1E-12
2120400
-1E-12
2124000
5.55546E-08
2127600
4.99999E-07
2131200
8.88888E-07
2134800
2.77777E-07
2138400
-1E-12
2142000
5.55546E-08
2145600
-8.262E-09
2149200
-5.37948E-08
2152800
-7.58268E-08
2156400
-9.25344E-08
2160000
-1.32926E-07
2163600
-1.36782E-07
2167200
-1.03918E-07
2170800
-1.88924E-07
2174400
-1.00246E-07
2178000
-3.45168E-08
2181600
-3.56184E-08
2185200
-5.3244E-09
2188800
5.55555E-07
2192400
2.22221E-07
2196000
-1E-12
2199600
5.55546E-08
2203200
1.1111E-07
2206800
-1E-12
2210400
-1E-12
2214000
-1E-12
2217600
-1E-12
2221200
5.55546E-08
2224800
-1E-12
2228400
-5.508E-10
2232000
-8.8128E-09
2235600
-5.08572E-08
2239200
-5.67324E-08
2242800
-1.74787E-07
2246400
-1.89659E-07
2250000
-1.25766E-07
2253600
-9.8226E-08
2257200
-4.4982E-08
2260800
-4.73688E-08
2264400
-1.24114E-07
2268000
-7.69284E-08
2271600
-9.9144E-09
2275200
-1.836E-10
2278800
-1E-12
2282400
-1E-12
2286000
-1E-12
2289600
-1E-12
2293200
-1E-12
2296800
-1E-12
2300400
-1E-12
2304000
-1E-12
2307600
-1E-12
2311200
-1E-12
2314800
-1E-12
2318400
5.55546E-08
2322000
-5.19588E-08
2325600
-1.04468E-07
2329200
-1.97737E-07
2332800
-1.82866E-07
2336400
-1.85069E-07
2340000
-1.79377E-07
2343600
-1.72768E-07
2347200
-1.49267E-07
2350800
-1.25582E-07
2354400
-6.26076E-08
2358000
-8.0784E-09
2361600
-1E-12
2365200
-1E-12
2368800
-1E-12
2372400
-1E-12
2376000
-1E-12
2379600
-1E-12
2383200
-1E-12
2386800
-1E-12
2390400
-1E-12
2394000
-1E-12
2397600
-1E-12
2401200
-1E-12
2404800
-1E-12
2408400
-4.00248E-08
2412000
-9.85932E-08
2415600
-1.34028E-07
2419200
-1.66892E-07
2422800
-2.10773E-07
2426400
-1.63037E-07
2430000
-1.78092E-07
2433600
-7.50924E-08
2437200
-1.2595E-07
2440800
-7.05024E-08
2444400
-1.2852E-08
2448000
-1.50552E-08
2451600
-1E-12
2455200
-1E-12
2458800
-1E-12
2462400
-1E-12
2466000
-1E-12
2469600
-1E-12
2473200
-1E-12
2476800
-1E-12
2480400
-1E-12
2484000
-1E-12
2487600
-1E-12
2491200
-1.21176E-08
2494800
-4.88376E-08
2498400
-2.88252E-08
2502000
-3.70872E-08
2505600
-1.70748E-07
2509200
-2.03796E-07
2512800
-2.12058E-07
2516400
-2.03245E-07
2520000
-1.71666E-07
2523600
-1.05937E-07
2527200
-5.85684E-08
2530800
-1.06488E-08
2534400
-1E-12
2538000
-1E-12
2541600
-1E-12
2545200
-1E-12
2548800
-1E-12
2552400
-1E-12
2556000
-1E-12
2559600
-1E-12
2563200
-1E-12
2566800
-1E-12
2570400
-1E-12
2574000
-1E-12
2577600
-1E-12
2581200
-3.23136E-08
2584800
-1.10711E-07
2588400
-1.43942E-07
2592000
-1.45595E-07
2595600
9.44035E-08
2599200
9.99115E-08
2602800
-2.77236E-08
2606400
-1.13832E-07
2610000
1.03692E-07
2613600
1.04685E-07
2617200
5.55546E-08
2620800
-1E-12
2624400
9.44443E-07
2628000
3.88888E-07
2631600
-1E-12
2635200
-1E-12
2638800
-1E-12
2642400
-1E-12
2646000
-1E-12
2649600
-1E-12
2653200
-1E-12
2656800
-1E-12
2660400
5.55546E-08
2664000
-1.06488E-08
2667600
-1.26684E-08
2671200
-6.35256E-08
2674800
-9.639E-08
2678400
-1.54224E-07
2682000
-6.71976E-08
2685600
-5.63652E-08
2689200
-1.56978E-07
2692800
-1.37884E-07
2696400
1.68036E-06
2700000
-5.8752E-09
2703600
-1.15668E-08
2707200
-1E-12
2710800
-1E-12
2714400
-1E-12
2718000
-1E-12
2721600
1.33333E-06
2725200
1.66666E-07
2728800
-1E-12
2732400
-1E-12
2736000
5.55546E-08
2739600
-1E-12
2743200
-1E-12
2746800
-1E-12
2750400
-1E-12
2754000
-4.38804E-08
2757600
-8.0784E-08
2761200
-1.61935E-07
2764800
-3.1212E-08
2768400
-1.92229E-07
2772000
-2.14078E-07
2775600
-1.8819E-07
2779200
-1.36231E-07
2782800
-1.35313E-07
2786400
-7.2522E-08
2790000
-7.7112E-09
2793600
-1E-12
2797200
-1E-12
2800800
-1E-12
2804400
-1E-12
2808000
-1E-12
2811600
-1E-12
2815200
-1E-12
2818800
-1E-12
2822400
-1E-12
2826000
-1E-12
2829600
-1E-12
2833200
-1E-12
2836800
-1E-12
2840400
-1.21176E-08
2844000
-7.08696E-08
2847600
-1.29989E-07
2851200
-1.1016E-07
2854800
-1.92046E-07
2858400
-2.00858E-07
2862000
-2.02327E-07
2865600
-1.50185E-07
2869200
-1.22645E-07
2872800
-7.63776E-08
2876400
-1.5606E-08
2880000
-1E-12
2883600
-1E-12
2887200
1.66666E-07
2890800
3.05555E-06
2894400
3.33332E-07
2898000
-1E-12
2901600
1.1111E-07
2905200
-1E-12
2908800
-1E-12
2912400
-1E-12
2916000
-1E-12
2919600
-1E-12
2923200
-1E-12
2926800
3.18712E-08
2930400
-8.55576E-08
2934000
-1.42841E-07
2937600
-1.89475E-07
2941200
-2.05448E-07
2944800
-1.86538E-07
2948400
-1.79928E-07
2952000
-1.53122E-07
2955600
-1.55509E-07
2959200
-7.14204E-08
2962800
-1.57896E-08
2966400
-8.4456E-09
2970000
-1E-12
2973600
-1E-12
2977200
-1E-12
2980800
-1E-12
2984400
-1E-12
2988000
-1E-12
2991600
-1E-12
2995200
-1E-12
2998800
-1E-12
3002400
-1E-12
3006000
-1E-12
3009600
-6.0588E-09
3013200
-2.09304E-08
3016800
-5.91192E-08
3020400
-1.65056E-07
3024000
-1.71115E-07
3027600
-1.89108E-07
3031200
-1.04101E-07
3034800
-1.94616E-07
3038400
-1.56427E-07
3042000
-6.29748E-08
3045600
-3.08448E-08
3049200
-1.59732E-08
3052800
-1E-12
3056400
-1E-12
3060000
-1E-12
3063600
-1E-12
3067200
-1E-12
3070800
-1E-12
3074400
-1E-12
3078000
-1E-12
3081600
-1E-12
3085200
-1E-12
3088800
-1E-12
3092400
-1E-12
3096000
-1E-12
3099600
-1E-12
3103200
-7.17876E-08
3106800
-1.87823E-07
3110400
-2.33723E-07
3114000
-2.54837E-07
3117600
-1.90577E-07
3121200
-1.56427E-07
3124800
-1.5404E-07
3128400
-1.04101E-07
3132000
-3.34152E-08
3135600
-3.672E-10
3139200
-1E-12
3142800
-1E-12
3146400
-1E-12
3150000
-1E-12
3153600
-1E-12
3157200
-1E-12
3160800
-1E-12
3164400
-1E-12
3168000
-1E-12
3171600
-1E-12
3175200
-1E-12
3178800
-1E-12
3182400
-2.2032E-09
3186000
-1.96452E-08
3189600
-1.09426E-07
3193200
-7.84724E-08
3196800
-1.55876E-07
3200400
-7.2522E-08
3204000
-9.47376E-08
3207600
-4.33296E-08
3211200
2.43369E-07
3214800
-9.8226E-08
3218400
-5.76504E-08
3222000
-1.377E-08
3225600
-1E-12
3229200
-1E-12
3232800
-1E-12
3236400
-1E-12
3240000
-1E-12
3243600
-1E-12
3247200
-1E-12
3250800
-1E-12
3254400
-1E-12
3258000
-1E-12
3261600
-1E-12
3265200
-1E-12
3268800
-3.8556E-09
3272400
-1.79928E-08
3276000
-5.85684E-08
3279600
-1.36415E-07
3283200
-1.18238E-07
3286800
-1.10527E-07
3290400
-1.83049E-07
3294000
-5.63652E-08
3297600
-1.30723E-07
3301200
-9.98784E-08
3304800
-2.77236E-08
3308400
-8.262E-09
3312000
-1E-12
3315600
-1E-12
3319200
-1E-12
3322800
-1E-12
3326400
-1E-12
3330000
-1E-12
3333600
2.77777E-07
3337200
-1E-12
3340800
-1E-12
3344400
-1E-12
3348000
-1E-12
3351600
-1E-12
3355200
-9.18E-10
3358800
-6.6096E-09
3362400
-1.89108E-08
3366000
-2.754E-08
3369600
-9.60228E-08
3373200
-1.74236E-07
3376800
-1.66709E-07
3380400
-1.90944E-07
3384000
-1.45962E-07
3387600
-1.21176E-07
3391200
-9.3636E-08
3394800
-7.7112E-09
3398400
-1E-12
3402000
-1E-12
3405600
-1E-12
3409200
1.66666E-07
3412800
1.66666E-07
3416400
5.55546E-08
3420000
-1E-12
3423600
-1E-12
3427200
-1E-12
3430800
3.88888E-07
3434400
5.55546E-08
3438000
-1E-12
3441600
-1E-12
3445200
-3.672E-10
3448800
-6.20568E-08
3452400
-1.55142E-07
3456000
-1.67627E-07
3459600
-1.9278E-07
3463200
6.89915E-08
3466800
2.85664E-08
3470400
-5.06736E-08
3474000
-8.86788E-08
3477600
-3.43332E-08
3481200
-1.1016E-09
3484800
-1E-12
3488400
-1E-12
3492000
-1E-12
3495600
-1E-12
3499200
-1E-12
3502800
-1E-12
3506400
-1E-12
3510000
-1E-12
3513600
-1E-12
3517200
-1E-12
3520800
-1E-12
3524400
-1E-12
3528000
5.4454E-08
3531600
4.63756E-08
3535200
-2.49696E-08
3538800
-4.42476E-08
3542400
-1.29071E-07
3546000
-1.72033E-07
3549600
-1.71299E-07
3553200
-1.44493E-07
3556800
-6.29748E-08
3560400
2.66116E-06
3564000
1.01931E-07
3567600
-4.7736E-09
3571200
-1E-12
3574800
-1E-12
3578400
-1E-12
3582000
-1E-12
3585600
-1E-12
3589200
-1E-12
3592800
5.55546E-08
3596400
-1E-12
3600000
-1E-12
3603600
-1E-12
3607200
-1E-12
3610800
-1E-12
3614400
-5.1408E-09
3618000
-1.61568E-08
3621600
-8.59248E-08
3625200
-1.16402E-07
3628800
-1.51837E-07
3632400
-1.70197E-07
3636000
-1.85069E-07
3639600
-1.7901E-07
3643200
-5.01228E-08
3646800
-1E-12
3650400
-4.0392E-09
3654000
-3.4884E-09
3657600
-2.2032E-09
3661200
-1E-12
3664800
-1E-12
3668400
-1E-12
3672000
-1E-12
3675600
-1E-12
3679200
-1E-12
3682800
-1E-12
3686400
-1E-12
3690000
-1E-12
3693600
-1E-12
3697200
-1E-12
3700800
-2.5704E-09
3704400
-1.24848E-08
3708000
-7.39908E-08
3711600
-1.43759E-07
3715200
-2.4988E-07
3718800
-1.78826E-07
3722400
-1.00246E-07
3726000
-1.11078E-07
3729600
1.04362E-06
3733200
-6.49944E-08
3736800
-1.67076E-08
3740400
-6.0588E-09
3744000
-1E-12
3747600
-1E-12
3751200
-1E-12
3754800
-1E-12
3758400
-1E-12
3762000
-1E-12
3765600
-1E-12
3769200
-1E-12
3772800
-1E-12
3776400
-1E-12
3780000
-1E-12
3783600
5.55546E-08
3787200
-1E-12
3790800
-1E-12
3794400
-7.03188E-08
3798000
-1.86721E-07
3801600
-1.53857E-07
3805200
-7.72956E-08
3808800
-6.38928E-08
3812400
-5.91944E-08
3816000
-5.08572E-08
3819600
-8.721E-08
3823200
-4.20444E-08
3826800
-9.5472E-09
3830400
-1E-12
3834000
5.55546E-08
3837600
-1E-12
3841200
-1E-12
3844800
-1E-12
3848400
-1E-12
3852000
-1E-12
3855600
-1E-12
3859200
-1E-12
3862800
-1E-12
3866400
-1E-12
3870000
-1E-12
3873600
-1E-12
3877200
-1E-12
3880800
-5.74668E-08
3884400
-1.34212E-07
3888000
-1.4945E-07
3891600
-2.53919E-07
3895200
-1.83233E-07
3898800
-1.67627E-07
3902400
-1.30907E-07
3906000
-6.71976E-08
3909600
-6.9768E-09
3913200
-1E-12
3916800
-1E-12
3920400
-1E-12
3924000
-1E-12
3927600
-1E-12
3931200
-1E-12
3934800
-1E-12
3938400
-1E-12
3942000
-1E-12
3945600
-1E-12
3949200
-1E-12
3952800
5.55546E-08
3956400
-1E-12
3960000
-1.6524E-09
3963600
-8.0784E-09
3967200
-6.07716E-08
3970800
-9.40032E-08
3974400
-1.71482E-07
3978000
-2.04347E-07
3981600
-1.76623E-07
3985200
-1.59548E-07
3988800
-1.66158E-07
3992400
-8.79444E-08
3996000
-2.60712E-08
3999600
-2.3868E-09
4003200
-1E-12
4006800
-1E-12
4010400
-1E-12
4014000
-1E-12
4017600
-1E-12
4021200
-1E-12
4024800
-1E-12
4028400
-1E-12
4032000
-1E-12
4035600
-1E-12
4039200
-1E-12
4042800
-1E-12
4046400
-9.18E-10
4050000
-1.85436E-08
4053600
-9.8226E-08
4057200
-1.30723E-07
4060800
-1.10527E-07
4064400
-1.05386E-07
4068000
-1.01164E-07
4071600
-1.76256E-08
4075200
1.57144E-08
4078800
-5.3244E-08
4082400
-1.90944E-08
4086000
2.16531E-07
4089600
-1E-12
4093200
-1E-12
4096800
-1E-12
4100400
-1E-12
4104000
-1E-12
4107600
-1E-12
4111200
-1E-12
4114800
-1E-12
4118400
-1E-12
4122000
-1E-12
4125600
-1E-12
4129200
-1E-12
4132800
-2.754E-09
4136400
-1.52388E-08
4140000
-5.83848E-08
4143600
-1.40454E-07
4147200
-1.95167E-07
4150800
-1.948E-07
4154400
-1.13098E-07
4158000
-1.92596E-07
4161600
-1.47064E-07
4165200
5.50048E-08
4168800
-1.30356E-08
4172400
-1.96452E-08
4176000
-1E-12
4179600
-1E-12
4183200
-1E-12
4186800
-1E-12
4190400
-1E-12
4194000
-1E-12
4197600
-1E-12
4201200
-1E-12
4204800
-1E-12
4208400
-1E-12
4212000
-1E-12
4215600
-1E-12
4219200
-1E-12
4222800
-1E-12
4226400
-8.83116E-08
4230000
-1.61384E-07
4233600
-1.71482E-07
4237200
-9.14328E-08
4240800
-5.049E-08
4244400
-4.6818E-08
4248000
-8.95968E-08
4251600
-8.55576E-08
4255200
-2.46024E-08
4258800
-1.45044E-08
4262400
-1E-12
4266000
-1E-12
4269600
-1E-12
4273200
-1E-12
4276800
-1E-12
4280400
-1E-12
4284000
-1E-12
4287600
-1E-12
4291200
-1E-12
4294800
-1E-12
4298400
-1E-12
4302000
-1E-12
4305600
-1.836E-09
4309200
-2.51532E-08
4312800
-1.26133E-07
4316400
-1.90026E-07
4320000
-7.38824E-08
4323600
-2.14445E-07
4327200
-1.9737E-07
4330800
-1.56611E-07
4334400
9.36182E-07
4338000
2.59051E-07
4341600
-8.262E-09
4345200
-2.0196E-09
4348800
5.55546E-08
4352400
5.55546E-08
4356000
-1E-12
4359600
2.22221E-07
4363200
-1E-12
4366800
-1E-12
4370400
3.33332E-07
4374000
2.77777E-07
4377600
-1E-12
4381200
-1E-12
4384800
-1E-12
4388400
-1E-12
4392000
-1E-12
4395600
-1.89108E-08
4399200
-2.31336E-08
4402800
1.58037E-07
4406400
5.55005E-07
4410000
2.33333E-06
4413600
1.2213E-06
4417200
6.03951E-07
4420800
9.31183E-08
4424400
-5.37948E-08
4428000
-1.85436E-08
4431600
-2.0196E-09
4435200
-1.836E-10
4438800
-1E-12
4442400
-1E-12
4446000
-1E-12
4449600
-1E-12
4453200
-1E-12
4456800
5.55546E-08
4460400
-1E-12
4464000
-1E-12
4467600
-1E-12
4471200
-1E-12
4474800
-1E-12
4478400
-1E-12
4482000
5.55546E-08
4485600
-6.49944E-08
4489200
-9.12492E-08
4492800
-1.90393E-07
4496400
-2.44372E-07
4500000
-2.47676E-07
4503600
-2.3152E-07
4507200
-1.93882E-07
4510800
-1.52388E-07
4514400
-6.57288E-08
4518000
-1E-12
4521600
-1E-12
4525200
-1E-12
4528800
-1E-12
4532400
-1E-12
4536000
-1E-12
4539600
-1E-12
4543200
-1E-12
4546800
-1E-12
4550400
-1E-12
4554000
-1E-12
4557600
-1E-12
4561200
-1E-12
4564800
-1E-12
4568400
-1E-12
4572000
-7.803E-08
4575600
-1.80295E-07
4579200
-2.18668E-07
4582800
-2.35742E-07
4586400
-2.43821E-07
4590000
-2.24359E-07
4593600
-1.87272E-07
4597200
-1.45595E-07
4600800
-6.46272E-08
4604400
-1E-12
4608000
-1E-12
4611600
-1E-12
4615200
-1E-12
4618800
-1E-12
4622400
-1E-12
4626000
-1E-12
4629600
-1E-12
4633200
-1E-12
4636800
-1E-12
4640400
-1E-12
4644000
-1E-12
4647600
-1E-12
4651200
-1E-12
4654800
-1E-12
4658400
-6.86664E-08
4662000
-1.5863E-07
4665600
-2.20504E-07
4669200
-2.20504E-07
4672800
-1.4688E-07
4676400
-1.36966E-07
4680000
-1.17504E-07
4683600
-1.48532E-07
4687200
-6.77484E-08
4690800
-1E-12
4694400
-1E-12
4698000
-1E-12
4701600
-1E-12
4705200
-1E-12
4708800
-1E-12
4712400
-1E-12
4716000
-1E-12
4719600
-1E-12
4723200
-1E-12
4726800
-1E-12
4730400
1.1111E-07
4734000
1.1111E-07
4737600
-1E-12
4741200
4.99999E-07
4744800
3.86869E-07
4748400
6.66666E-07
4752000
3.87971E-07
4755600
1.65198E-07
4759200
9.43159E-07
4762800
7.20386E-07
4766400
1.22222E-06
4770000
1.11111E-06
4773600
2.19101E-07
4777200
-1.1016E-09
4780800
-1E-12
4784400
-1E-12
4788000
-1E-12
4791600
-1E-12
4795200
5.55546E-08
4798800
-1E-12
4802400
-1E-12
4806000
-1E-12
4809600
-1E-12
4813200
-1E-12
4816800
-1E-12
4820400
-1E-12
4824000
-1E-12
4827600
-1.21176E-08
4831200
-2.23992E-08
4834800
-1.45044E-08
4838400
-4.3146E-08
4842000
5.38481E-07
4845600
7.53091E-08
4849200
1.498E-08
4852800
7.98991E-08
4856400
5.76835E-08
4860000
1.59139E-07
4863600
5.55555E-07
4867200
4.44443E-07
4870800
1.1111E-07
4874400
-1E-12
4878000
-1E-12
4881600
-1E-12
4885200
1.66666E-07
4888800
1.1111E-07
4892400
2.22221E-07
4896000
1.66666E-07
4899600
-1E-12
4903200
5.55546E-08
4906800
-1E-12
4910400
-1E-12
4914000
3.88888E-07
4917600
9.37651E-07
4921200
1.27355E-06
4924800
1.33021E-06
4928400
1.65675E-06
4932000
3.58595E-07
4935600
8.3693E-07
4939200
1.83224E-07
4942800
-7.67448E-08
4946400
1.01748E-07
4950000
1.1111E-07
4953600
-1E-12
4957200
-1E-12
4960800
-1E-12
4964400
1.66666E-07
4968000
1.22222E-06
4971600
1.1111E-07
4975200
-1E-12
4978800
-1E-12
4982400
-1E-12
4986000
-1E-12
4989600
1.1111E-07
4993200
-1E-12
4996800
-1E-12
5000400
-1.43208E-08
5004000
-5.45292E-08
5007600
-1.15852E-07
5011200
-1.66709E-07
5014800
-1.91495E-07
5018400
-2.0453E-07
5022000
-1.89475E-07
5025600
-1.35864E-07
5029200
-9.56556E-08
5032800
-6.9768E-08
5036400
-3.1212E-09
5040000
-1E-12
5043600
-1E-12
5047200
-1E-12
5050800
-1E-12
5054400
-1E-12
5058000
-1E-12
5061600
-1E-12
5065200
-1E-12
5068800
-1E-12
5072400
-1E-12
5076000
-1E-12
5079600
-1E-12
5083200
-1E-12
5086800
-1.45044E-08
5090400
-7.21548E-08
5094000
-1.61935E-07
5097600
-2.25094E-07
5101200
-1.68545E-07
5104800
-1.73686E-07
5108400
-1.45778E-07
5112000
-7.05024E-08
5115600
-7.83972E-08
5119200
-7.05024E-08
5122800
-1E-12
5126400
-1E-12
5130000
-1E-12
5133600
-1E-12
5137200
-1E-12
5140800
-1E-12
5144400
-1E-12
5148000
-1E-12
5151600
-1E-12
5155200
-1E-12
5158800
-1E-12
5162400
-1E-12
5166000
5.55546E-08
5169600
-1E-12
5173200
-1.377E-08
5176800
-8.51904E-08
5180400
-1.46329E-07
5184000
-1.99022E-07
5187600
-1.68728E-07
5191200
-1.59916E-07
5194800
-1.71666E-07
5198400
-1.56978E-07
5202000
-9.74916E-08
5205600
-7.38072E-08
5209200
-5.508E-10
5212800
-1E-12
5216400
-1E-12
5220000
-1E-12
5223600
-1E-12
5227200
-1E-12
5230800
-1E-12
5234400
-1E-12
5238000
-1E-12
5241600
-1E-12
5245200
-1E-12
5248800
-1E-12
5252400
-1E-12
5256000
-1E-12
5259600
-1E-12
5263200
-7.36236E-08
5266800
-1.7442E-07
5270400
-2.21789E-07
5274000
-1.91311E-07
5277600
-1.90393E-07
5281200
-1.57529E-07
5284800
-1.66158E-07
5288400
-9.01476E-08
5292000
-4.93884E-08
5295600
-1E-12
5299200
-1E-12
5302800
-1E-12
5306400
-1E-12
5310000
-1E-12
5313600
-1E-12
5317200
-1E-12
5320800
-1E-12
5324400
-1E-12
5328000
-1E-12
5331600
-1E-12
5335200
-1E-12
5338800
-1E-12
5342400
-1E-12
5346000
-1E-12
5349600
-7.36236E-08
5353200
-1.70014E-07
5356800
-2.05081E-07
5360400
-2.1775E-07
5364000
-2.1775E-07
5367600
-2.10956E-07
5371200
-1.75522E-07
5374800
-7.60104E-08
5378400
-2.46024E-08
5382000
-1E-12
5385600
-1E-12
5389200
-1E-12
5392800
-1E-12
5396400
-1E-12
5400000
-1E-12
5403600
-1E-12
5407200
-1E-12
5410800
-1E-12
5414400
-1E-12
5418000
-1E-12
5421600
-1E-12
5425200
-1E-12
5428800
-1E-12
5432400
-1E-12
5436000
-6.48108E-08
5439600
-1.34762E-07
5443200
-1.34028E-07
5446800
-1.32376E-07
5450400
-1.43208E-07
5454000
-1.64322E-07
5457600
-1.15484E-07
5461200
-8.1702E-08
5464800
-1.02816E-08
5468400
-1E-12
5472000
-1E-12
5475600
-1E-12
5479200
-1E-12
5482800
-1E-12
5486400
-1E-12
5490000
-1E-12
5493600
-1E-12
5497200
-1E-12
5500800
-1E-12
5504400
-1E-12
5508000
-1E-12
5511600
-1E-12
5515200
-1E-12
5518800
-1E-12
5522400
-6.82992E-08
5526000
-1.63955E-07
5529600
-2.00308E-07
5533200
-2.23258E-07
5536800
-2.20871E-07
5540400
-2.05265E-07
5544000
-9.9144E-08
5547600
-7.7112E-08
5551200
-1.35864E-08
5554800
-1E-12
5558400
-1E-12
5562000
-1E-12
5565600
-1E-12
5569200
-1E-12
5572800
-1E-12
5576400
-1E-12
5580000
-1E-12
5583600
-1E-12
5587200
-1E-12
5590800
-1E-12
5594400
-1E-12
5598000
-1E-12
5601600
-1E-12
5605200
-1E-12
5608800
-6.95844E-08
5612400
-1.63037E-07
5616000
-2.05816E-07
5619600
-2.22707E-07
5623200
-2.28031E-07
5626800
-1.24114E-07
5630400
-1.04468E-07
5634000
-7.1604E-08
5637600
-3.3048E-09
5641200
-1E-12
5644800
-1E-12
5648400
-1E-12
5652000
-1E-12
5655600
-1E-12
5659200
-1E-12
5662800
-1E-12
5666400
-1E-12
5670000
-1E-12
5673600
-1E-12
5677200
-1E-12
5680800
-1E-12
5684400
-1E-12
5688000
-1E-12
5691600
-1E-12
5695200
-7.30728E-08
5698800
-1.71666E-07
5702400
-2.01593E-07
5706000
-2.23258E-07
5709600
-2.17199E-07
5713200
-2.05816E-07
5716800
-1.14566E-07
5720400
-9.29016E-08
5724000
-1.08324E-08
5727600
-1E-12
5731200
-1E-12
5734800
-1E-12
5738400
-1E-12
5742000
-1E-12
5745600
-1E-12
5749200
-1E-12
5752800
-1E-12
5756400
-1E-12
5760000
-1E-12
5763600
-1E-12
5767200
-1E-12
5770800
-1E-12
5774400
-1E-12
5778000
-1E-12
5781600
-7.27056E-08
5785200
-1.68361E-07
5788800
-2.00124E-07
5792400
-2.20136E-07
5796000
-1.28704E-07
5799600
-9.23508E-08
5803200
-8.66592E-08
5806800
-8.31708E-08
5810400
-1.63404E-08
5814000
-1E-12
5817600
-1E-12
5821200
-1E-12
5824800
-1E-12
5828400
-1E-12
5832000
6.1111E-07
5835600
-1E-12
5839200
-1E-12
5842800
5.55546E-08
5846400
-1E-12
5850000
-1E-12
5853600
-1E-12
5857200
-1E-12
5860800
-9.18E-10
5864400
-6.6096E-09
5868000
-6.62796E-08
5871600
-3.8556E-08
5875200
-6.81156E-08
5878800
-1.43392E-07
5882400
-1.41372E-07
5886000
-1.22094E-07
5889600
-9.93276E-08
5893200
-6.81156E-08
5896800
-3.4884E-09
5900400
-1E-12
5904000
-1E-12
5907600
-1E-12
5911200
-1E-12
5914800
-1E-12
5918400
-1E-12
5922000
-1E-12
5925600
-1E-12
5929200
-1E-12
5932800
-1E-12
5936400
-1E-12
5940000
-1E-12
5943600
-1E-12
5947200
-1.1016E-09
5950800
-1.45044E-08
5954400
-4.55328E-08
5958000
-1.0759E-07
5961600
-1.07039E-07
5965200
-1.7699E-07
5968800
-2.09855E-07
5972400
-1.8819E-07
5976000
-1.33661E-07
5979600
-5.94864E-08
5983200
-1E-12
5986800
-1E-12
5990400
-1E-12
5994000
-1E-12
5997600
-1E-12
6001200
-1E-12
6004800
-1E-12
6008400
-1E-12
6012000
-1E-12
6015600
-1E-12
6019200
-1E-12
6022800
-1E-12
6026400
-1E-12
6030000
-1E-12
6033600
-1E-12
6037200
-1E-12
6040800
-6.11388E-08
6044400
-1.06488E-07
6048000
-1.43392E-07
6051600
-2.10038E-07
6055200
-2.06917E-07
6058800
-1.13832E-07
6062400
-1.43575E-07
6066000
-6.0588E-08
6069600
-1.836E-10
6073200
-1E-12
6076800
-1E-12
6080400
-1E-12
6084000
-1E-12
6087600
-1E-12
6091200
-1E-12
6094800
-1E-12
6098400
-1E-12
6102000
5.55546E-08
6105600
-1E-12
6109200
-1E-12
6112800
-1E-12
6116400
-1E-12
6120000
-1E-12
6123600
-9.5472E-09
6127200
-2.1114E-08
6130800
-1.94616E-08
6134400
-2.62548E-08
6138000
-6.07716E-08
6141600
-7.21548E-08
6145200
-2.58876E-08
6148800
-1.87272E-08
6152400
-1.34028E-08
6156000
-1.2852E-09
6159600
-1E-12
6163200
-1E-12
6166800
-1E-12
6170400
-1E-12
6174000
-1E-12
6177600
-1E-12
6181200
-1E-12
6184800
-1E-12
6188400
-1E-12
6192000
-1E-12
6195600
-1E-12
6199200
-1E-12
6202800
-1E-12
6206400
-9.18E-10
6210000
-1.836E-08
6213600
-1.61568E-08
6217200
2.98516E-08
6220800
7.12308E-07
6224400
7.73739E-07
6228000
2.04597E-07
6231600
3.95824E-08
6235200
-1.43208E-08
6238800
-1.34028E-08
6242400
-1.1016E-09
6246000
-1E-12
6249600
-1E-12
6253200
-1E-12
6256800
-1E-12
6260400
-1E-12
6264000
-1E-12
6267600
-1E-12
6271200
-1E-12
6274800
-1E-12
6278400
-1E-12
6282000
-1E-12
6285600
-1E-12
6289200
-1E-12
6292800
5.55546E-08
6296400
-1.24848E-08
6300000
-5.72832E-08
6303600
-1.09058E-07
6307200
-1.67994E-07
6310800
-1.51103E-07
6314400
-1.7442E-07
6318000
-8.04168E-08
6321600
-1.00246E-07
6325200
-6.82992E-08
6328800
-5.6916E-09
6332400
-1E-12
6336000
-1E-12
6339600
-1E-12
6343200
-1E-12
6346800
-1E-12
6350400
-1E-12
6354000
-1E-12
6357600
-1E-12
6361200
-1E-12
6364800
-1E-12
6368400
-1E-12
6372000
-1E-12
6375600
-1E-12
6379200
-3.672E-10
6382800
-2.9376E-09
6386400
-1.52388E-08
6390000
2.21404E-08
6393600
-4.55328E-08
6397200
-5.01228E-08
6400800
-3.19464E-08
6404400
-2.36844E-08
6408000
-2.64384E-08
6411600
4.94859E-07
6415200
5.55555E-07
6418800
1.16667E-06
6422400
7.77777E-07
6426000
-1E-12
6429600
-1E-12
6433200
-1E-12
6436800
-1E-12
6440400
-1E-12
6444000
-1E-12
6447600
-1E-12
6451200
5.55546E-08
6454800
-1E-12
6458400
-1E-12
6462000
-1E-12
6465600
-1E-12
6469200
-1.23012E-08
6472800
-3.13956E-08
6476400
-1.29989E-07
6480000
-1.55876E-07
6483600
-1.45044E-07
6487200
-1.16586E-07
6490800
-8.86788E-08
6494400
-6.9768E-09
6498000
-1E-12
6501600
-1E-12
6505200
-1E-12
6508800
-1E-12
6512400
-1E-12
6516000
-1E-12
6519600
-1E-12
6523200
-1E-12
6526800
-1E-12
6530400
-1E-12
6534000
-1E-12
6537600
-1E-12
6541200
5.55546E-08
6544800
-1E-12
6548400
-1E-12
6552000
-5.28768E-08
6555600
-1.28704E-07
6559200
-1.42106E-07
6562800
-1.23563E-07
6566400
-1.5404E-07
6570000
-1.64322E-07
6573600
-3.70872E-08
6577200
-2.8458E-08
6580800
-8.6292E-09
6584400
-1E-12
6588000
-1E-12
6591600
-1E-12
6595200
-1E-12
6598800
-1E-12
6602400
-1E-12
6606000
-1E-12
6609600
-1E-12
6613200
-1E-12
6616800
-1E-12
6620400
-1E-12
6624000
-1E-12
6627600
-1E-12
6631200
-1E-12
6634800
-1E-12
6638400
-5.01228E-08
6642000
-7.63776E-08
6645600
-6.62796E-08
6649200
-1.41556E-07
6652800
-1.36231E-07
6656400
-1.08875E-07
6660000
-7.45416E-08
6663600
-4.64508E-08
6667200
-6.7932E-09
6670800
-1E-12
6674400
-1E-12
6678000
-1E-12
6681600
-1E-12
6685200
-1E-12
6688800
-1E-12
6692400
-1E-12
6696000
-1E-12
6699600
-1E-12
6703200
-1E-12
6706800
-1E-12
6710400
-1E-12
6714000
-1E-12
6717600
-1E-12
6721200
-1E-12
6724800
-4.60836E-08
6728400
-1.04285E-07
6732000
-1.37333E-07
6735600
-9.69408E-08
6739200
-1.69096E-07
6742800
-1.33477E-07
6746400
-9.87768E-08
6750000
-4.59E-08
6753600
-9.3636E-09
6757200
-1E-12
6760800
-1E-12
6764400
-1E-12
6768000
-1E-12
6771600
-1E-12
6775200
-1E-12
6778800
-1E-12
6782400
-1E-12
6786000
-1E-12
6789600
-1E-12
6793200
-1E-12
6796800
-1E-12
6800400
-1E-12
6804000
-1E-12
6807600
5.55546E-08
6811200
-3.672E-08
6814800
-1.1273E-07
6818400
-1.73686E-07
6822000
-1.94616E-07
6825600
-1.86538E-07
6829200
-1.69096E-07
6832800
-1.22461E-07
6836400
-5.08572E-08
6840000
-9.18E-10
6843600
-1E-12
6847200
-1E-12
6850800
-1E-12
6854400
-1E-12
6858000
-1E-12
6861600
-1E-12
6865200
-1E-12
6868800
-1E-12
6872400
-1E-12
6876000
-1E-12
6879600
-1E-12
6883200
-1E-12
6886800
-1E-12
6890400
-1E-12
6894000
-5.3244E-09
6897600
-1.34028E-08
6901200
-4.18608E-08
6904800
-1.04652E-07
6908400
-1.01714E-07
6912000
-1.39536E-07
6915600
-1.36048E-07
6919200
-8.13348E-08
6922800
-2.295E-08
6926400
-3.1212E-09
6930000
-1E-12
6933600
-1E-12
6937200
-1E-12
6940800
-1E-12
6944400
-1E-12
6948000
-1E-12
6951600
-1E-12
6955200
-1E-12
6958800
-1E-12
6962400
5.55546E-08
6966000
8.33332E-07
6969600
6.66666E-07
6973200
-1E-12
6976800
7.22221E-07
6980400
3.33332E-07
6984000
2.19835E-07
6987600
2.21855E-07
6991200
3.30029E-07
6994800
3.49924E-08
6998400
-5.72832E-08
7002000
-8.18856E-08
7005600
-1.36048E-07
7009200
-8.66592E-08
7012800
-1.32192E-08
7016400
-1E-12
7020000
-1E-12
7023600
-1E-12
7027200
-1E-12
7030800
-1E-12
7034400
5.55546E-08
7038000
-1E-12
7041600
-1E-12
7045200
-1E-12
7048800
-1E-12
7052400
-1E-12
7056000
-1E-12
7059600
-1E-12
7063200
-1E-12
7066800
-9.18E-10
7070400
-7.344E-09
7074000
-8.06004E-08
7077600
-1.71299E-07
7081200
-1.91678E-07
7084800
-1.88006E-07
7088400
-1.74604E-07
7092000
-1.39352E-07
7095600
-5.7834E-08
7099200
-1E-12
7102800
-1E-12
7106400
-1E-12
7110000
-1E-12
7113600
-1E-12
7117200
-1E-12
7120800
-1E-12
7124400
-1E-12
7128000
-1E-12
7131600
-1E-12
7135200
-1E-12
7138800
-1E-12
7142400
-1E-12
7146000
-1E-12
7149600
-1E-12
7153200
-1E-12
7156800
-5.83848E-08
7160400
-1.18238E-07
7164000
-1.4431E-07
7167600
-1.43759E-07
7171200
-1.79194E-07
7174800
-1.30172E-07
7178400
-9.69408E-08
7182000
-2.44188E-08
7185600
-1.02816E-08
7189200
-1E-12
7192800
-1E-12
7196400
-1E-12
7200000
-1E-12
7203600
-1E-12
7207200
-1E-12
7210800
-1E-12
7214400
-1E-12
7218000
-1E-12
7221600
-1E-12
7225200
-1E-12
7228800
-1E-12
7232400
-1E-12
7236000
-1E-12
7239600
-1E-12
7243200
-4.4064E-08
7246800
-1.0759E-07
7250400
-1.57162E-07
7254000
-1.91678E-07
7257600
-1.82131E-07
7261200
-1.53857E-07
7264800
-1.20074E-07
7268400
-8.33544E-08
7272000
-3.8556E-09
7275600
-1E-12
7279200
-1E-12
7282800
-1E-12
7286400
-1E-12
7290000
-1E-12
7293600
-1E-12
7297200
-1E-12
7300800
-1E-12
7304400
-1E-12
7308000
-1E-12
7311600
-1E-12
7315200
-1E-12
7318800
-1E-12
7322400
-1E-12
7326000
-4.7736E-09
7329600
-2.69892E-08
7333200
-3.37824E-08
7336800
-4.57164E-08
7340400
-1.20625E-07
7344000
-9.05148E-08
7347600
-1.06855E-07
7351200
-2.58876E-08
7354800
-2.14812E-08
7358400
-8.4456E-09
7362000
-1E-12
7365600
5.55546E-08
7369200
-1E-12
7372800
-1E-12
7376400
5.55546E-08
7380000
1.1111E-07
7383600
5.55546E-08
7387200
1.66666E-07
7390800
2.77777E-07
7394400
1.66666E-07
7398000
2.77777E-07
7401600
2.22221E-07
7405200
-1E-12
7408800
-1E-12
7412400
-1E-12
7416000
6.16716E-09
7419600
-5.19588E-08
7423200
-8.13348E-08
7426800
-1.38251E-07
7430400
-1.19524E-07
7434000
-1.26868E-07
7437600
-1.03367E-07
7441200
-6.7014E-08
7444800
-1E-12
7448400
-1E-12
7452000
-1E-12
7455600
-1E-12
7459200
-1E-12
7462800
-1E-12
7466400
-1E-12
7470000
-1E-12
7473600
-1E-12
7477200
-1E-12
7480800
-1E-12
7484400
-1E-12
7488000
-1E-12
7491600
-1E-12
7495200
-1E-12
7498800
-1E-12
7502400
-4.2228E-08
7506000
-8.40888E-08
7509600
-1.61384E-07
7513200
-1.82682E-07
7516800
-1.85069E-07
7520400
-1.63771E-07
7524000
-7.47252E-08
7527600
-5.54472E-08
7531200
-1E-12
7534800
-1E-12
7538400
-1E-12
7542000
-1E-12
7545600
-1E-12
7549200
-1E-12
7552800
-1E-12
7556400
-1E-12
7560000
-1E-12
7563600
-1E-12
7567200
-1E-12
7570800
-1E-12
7574400
-1E-12
7578000
-1E-12
7581600
5.55546E-08
7585200
-9.18E-10
7588800
-6.7932E-09
7592400
-1.04652E-08
7596000
-1.13832E-08
7599600
-7.1604E-09
7603200
-1.72584E-08
7606800
-9.9144E-09
7610400
-1.836E-09
7614000
-2.2032E-09
7617600
-1E-12
7621200
3.33332E-07
7624800
7.77777E-07
7628400
2.22221E-07
7632000
5.55546E-08
7635600
5.55546E-08
7639200
-1E-12
7642800
-1E-12
7646400
-1E-12
7650000
-1E-12
7653600
-1E-12
7657200
-1E-12
7660800
-1E-12
7664400
-1E-12
7668000
-1E-12
7671600
-1E-12
7675200
4.33116E-09
7678800
-6.04044E-08
7682400
-6.68304E-08
7686000
-1.14016E-07
7689600
-1.75154E-07
7693200
-1.36048E-07
7696800
-8.0784E-08
7700400
-6.02208E-08
7704000
-1E-12
7707600
-1E-12
7711200
-1E-12
7714800
-1E-12
7718400
-1E-12
7722000
-1E-12
7725600
-1E-12
7729200
-1E-12
7732800
-1E-12
7736400
-1E-12
7740000
-1E-12
7743600
-1E-12
7747200
-1E-12
7750800
-1E-12
7754400
-1E-12
7758000
-1E-12
7761600
-5.01228E-08
7765200
-1.20809E-07
7768800
-1.56427E-07
7772400
-1.77174E-07
7776000
-1.76256E-07
7779600
-1.56794E-07
7783200
-7.17876E-08
7786800
-5.1408E-08
7790400
-1E-12
7794000
-1E-12
7797600
-1E-12
7801200
-1E-12
7804800
-1E-12
7808400
-1E-12
7812000
-1E-12
7815600
-1E-12
7819200
-1E-12
7822800
-1E-12
7826400
-1E-12
7830000
-1E-12
7833600
-1E-12
7837200
-1E-12
7840800
-1E-12
7844400
-1E-12
7848000
-4.62672E-08
7851600
-1.01898E-07
7855200
-1.5808E-07
7858800
-1.75705E-07
7862400
-1.75705E-07
7866000
-1.26317E-07
7869600
-7.30728E-08
7873200
-2.51532E-08
7876800
-1E-12
7880400
-1E-12
7884000
-1E-12
7887600
-1E-12
7891200
-1E-12
7894800
-1E-12
7898400
-1E-12
7902000
-1E-12
7905600
-1E-12
7909200
-1E-12
7912800
-1E-12
7916400
-1E-12
7920000
-1E-12
7923600
-1E-12
7927200
-1E-12
7930800
-1E-12
7934400
-4.00248E-08
7938000
-7.83972E-08
7941600
-1.26133E-07
7945200
-1.63037E-07
7948800
-1.32376E-07
7952400
-1.45044E-07
7956000
-7.12368E-08
7959600
-5.2326E-08
7963200
-1E-12
7966800
-1E-12
7970400
-1E-12
7974000
-1E-12
7977600
-1E-12
7981200
-1E-12
7984800
-1E-12
7988400
-1E-12
7992000
-1E-12
7995600
-1E-12
7999200
-1E-12
8002800
-1E-12
8006400
-1E-12
8010000
-1E-12
8013600
-1E-12
8017200
-1E-12
8020800
-2.3868E-09
8024400
-8.18856E-08
8028000
-1.32008E-07
8031600
-1.04101E-07
8035200
-1.69463E-07
8038800
-1.09058E-07
8042400
-6.90336E-08
8046000
-4.88376E-08
8049600
-1E-12
8053200
-1E-12
8056800
-1E-12
8060400
-1E-12
8064000
-1E-12
8067600
-1E-12
8071200
-1E-12
8074800
-1E-12
8078400
-1E-12
8082000
-1E-12
8085600
-1E-12
8089200
-1E-12
8092800
-1E-12
8096400
-1E-12
8100000
-1E-12
8103600
-2.754E-09
8107200
-2.12976E-08
8110800
-7.56432E-08
8114400
-1.06672E-07
8118000
-9.65736E-08
8121600
-1.32743E-07
8125200
3.64612E-08
8128800
-1.08324E-08
8132400
-1.21176E-08
8136000
-3.672E-10
8139600
1.66666E-07
8143200
2.77777E-07
8146800
6.66666E-07
8150400
1.88889E-06
8154000
1.11111E-06
8157600
3.88888E-07
8161200
-1E-12
8164800
-1E-12
8168400
5.55546E-08
8172000
-1E-12
8175600
-1E-12
8179200
-1E-12
8182800
-1E-12
8186400
-1E-12
8190000
-1E-12
8193600
-4.3146E-08
8197200
-5.2326E-08
8200800
-9.41868E-08
8204400
-6.52532E-08
8208000
-1.1218E-07
8211600
-9.96948E-08
8215200
-7.58268E-08
8218800
-5.10408E-08
8222400
-1E-12
8226000
-1E-12
8229600
-1E-12
8233200
-1E-12
8236800
-1E-12
8240400
-1E-12
8244000
-1E-12
8247600
-1E-12
8251200
-1E-12
8254800
-1E-12
8258400
-1E-12
8262000
-1E-12
8265600
-1E-12
8269200
-1E-12
8272800
-1E-12
8276400
-1E-12
8280000
2.0488E-08
8283600
-6.86664E-08
8287200
-1.39352E-07
8290800
-1.82866E-07
8294400
-1.65791E-07
8298000
-1.09609E-07
8301600
-6.86664E-08
8305200
-6.46272E-08
8308800
-1E-12
8312400
-1E-12
8316000
-1E-12
8319600
-1E-12
8323200
-1E-12
8326800
-1E-12
8330400
-1E-12
8334000
-1E-12
8337600
-1E-12
8341200
-1E-12
8344800
-1E-12
8348400
-1E-12
8352000
-1E-12
8355600
-1E-12
8359200
-1E-12
8362800
-1E-12
8366400
-5.3244E-09
8370000
-1.39536E-08
8373600
-1.78092E-08
8377200
-4.46148E-08
8380800
-1.32192E-07
8384400
-5.12244E-08
8388000
3.7012E-08
8391600
-9.5472E-09
8395200
-1E-12
8398800
-1E-12
8402400
-1E-12
8406000
-1E-12
8409600
-1E-12
8413200
-1E-12
8416800
-1E-12
8420400
-1E-12
8424000
-1E-12
8427600
1.66666E-07
8431200
-1E-12
8434800
5.55546E-08
8438400
-1E-12
8442000
1.66666E-07
8445600
1.66666E-07
8449200
5.55546E-08
8452800
5.55546E-08
8456400
-1E-12
8460000
4.8946E-08
8463600
-9.5472E-09
8467200
8.22859E-08
8470800
8.48563E-08
8474400
5.05984E-08
8478000
1.64463E-07
8481600
5.11492E-08
8485200
5.55546E-08
8488800
1.1111E-07
8492400
-1E-12
8496000
5.55546E-08
8499600
5.55546E-08
8503200
2.77777E-07
8506800
1.1111E-07
8510400
5.55546E-08
8514000
5.55546E-08
8517600
5.55546E-08
8521200
1.1111E-07
8524800
5.55546E-08
8528400
-1E-12
8532000
-1E-12
8535600
-9.18E-10
8539200
-8.0784E-09
8542800
-2.88252E-08
8546400
-4.20444E-08
8550000
-3.0294E-08
8553600
-8.9046E-08
8557200
-1.06488E-07
8560800
-7.21548E-08
8564400
-1.43208E-08
8568000
-2.2032E-09
8571600
-1E-12
8575200
-1E-12
8578800
-1E-12
8582400
-1E-12
8586000
-1E-12
8589600
5.55546E-08
8593200
2.22221E-07
8596800
-1E-12
8600400
-1E-12
8604000
-1E-12
8607600
-1E-12
8611200
-1E-12
8614800
-1E-12
8618400
-1E-12
8622000
3.88888E-07
8625600
3.88888E-07
8629200
9.35264E-07
8632800
4.77417E-07
8636400
-6.31584E-08
8640000
-9.12492E-08
8643600
-9.58392E-08
8647200
-1.94616E-08
8650800
-9.9144E-09
8654400
-9.18E-10
8658000
-1E-12
8661600
-1E-12
8665200
-1E-12
8668800
-1E-12
8672400
-1E-12
8676000
-1E-12
8679600
-1E-12
8683200
-1E-12
8686800
5.55546E-08
8690400
-1E-12
8694000
-1E-12
8697600
-1E-12
8701200
-1E-12
8704800
-1E-12
8708400
-1E-12
8712000
5.55546E-08
8715600
-5.1408E-08
8719200
-1.24848E-07
8722800
-1.57712E-07
8726400
-1.41556E-07
8730000
-1.2393E-07
8733600
-4.97556E-08
8737200
-2.8458E-08
8740800
-1E-12
8744400
-1E-12
8748000
-1E-12
8751600
-1E-12
8755200
-1E-12
8758800
-1E-12
8762400
-1E-12
8766000
-1E-12
8769600
-1E-12
8773200
-1E-12
8776800
-1E-12
8780400
-1E-12
8784000
-1E-12
8787600
-1E-12
8791200
-1E-12
8794800
-1E-12
8798400
-1E-12
8802000
-6.46272E-08
8805600
-1.41739E-07
8809200
-1.3109E-07
8812800
-1.32376E-07
8816400
-1.24297E-07
8820000
-5.80176E-08
8823600
-3.74544E-08
8827200
-1E-12
8830800
-1E-12
8834400
-1E-12
8838000
-1E-12
8841600
-1E-12
8845200
-1E-12
8848800
-1E-12
8852400
-1E-12
8856000
-1E-12
8859600
-1E-12
8863200
-1E-12
8866800
-1E-12
8870400
-1E-12
8874000
-1E-12
8877600
-1E-12
8881200
-1E-12
8884800
-1.2852E-08
8888400
-3.34152E-08
8892000
-3.41496E-08
8895600
-1.08875E-07
8899200
-3.50676E-08
8902800
-3.74544E-08
8906400
-2.79072E-08
8910000
-1.30356E-08
8913600
-1E-12
8917200
-1E-12
8920800
-1E-12
8924400
-1E-12
8928000
-1E-12
8931600
-1E-12
8935200
-1E-12
8938800
-1E-12
8942400
-1E-12
8946000
-1E-12
8949600
-1E-12
8953200
-1E-12
8956800
-1E-12
8960400
-1E-12
8964000
-1E-12
8967600
-1E-12
8971200
-2.0196E-09
8974800
-5.3244E-08
8978400
-1.07039E-07
8982000
-1.12914E-07
8985600
-1.38434E-07
8989200
-1.18422E-07
8992800
-5.2326E-08
8996400
-2.33172E-08
9000000
-1E-12
9003600
-1E-12
9007200
-1E-12
9010800
-1E-12
9014400
-1E-12
9018000
-1E-12
9021600
-1E-12
9025200
-1E-12
9028800
-1E-12
9032400
-1E-12
9036000
-1E-12
9039600
-1E-12
9043200
-1E-12
9046800
-1E-12
9050400
-1E-12
9054000
-1E-12
9057600
-1E-12
9061200
-5.91192E-08
9064800
-1.3311E-07
9068400
-1.51837E-07
9072000
-1.50552E-07
9075600
-1.29989E-07
9079200
-5.65488E-08
9082800
-3.43332E-08
9086400
-1E-12
9090000
-1E-12
9093600
-1E-12
9097200
-1E-12
9100800
-1E-12
9104400
-1E-12
9108000
-1E-12
9111600
-1E-12
9115200
-1E-12
9118800
-1E-12
9122400
-1E-12
9126000
-1E-12
9129600
-1E-12
9133200
-1E-12
9136800
-1E-12
9140400
-1E-12
9144000
-1E-12
9147600
-5.7834E-08
9151200
-1.29989E-07
9154800
-1.51103E-07
9158400
-1.46696E-07
9162000
-1.25766E-07
9165600
-5.508E-08
9169200
-3.32316E-08
9172800
-1E-12
9176400
-1E-12
9180000
-1E-12
9183600
-1E-12
9187200
-1E-12
9190800
-1E-12
9194400
-1E-12
9198000
-1E-12
9201600
-1E-12
9205200
-1E-12
9208800
-1E-12
9212400
-1E-12
9216000
-1E-12
9219600
-1E-12
9223200
-1E-12
9226800
-1E-12
9230400
-1.59732E-08
9234000
-8.4456E-09
9237600
8.06335E-08
9241200
-3.213E-08
9244800
8.68759E-08
9248400
-2.1114E-08
9252000
-1.94616E-08
9255600
-9.3636E-09
9259200
-1E-12
9262800
-1E-12
9266400
-1E-12
9270000
-1E-12
9273600
-1E-12
9277200
1.1111E-07
9280800
3.88888E-07
9284400
4.99999E-07
9288000
2.22221E-07
9291600
2.22221E-07
9295200
2.77777E-07
9298800
3.33332E-07
9302400
1.1111E-07
9306000
-1E-12
9309600
1.1111E-07
9313200
5.55546E-08
9316800
2.77777E-07
9320400
3.30029E-07
9324000
3.28743E-07
9327600
-8.8128E-09
9331200
-7.344E-09
9334800
-8.4456E-09
9338400
-1.7442E-08
9342000
-1.0098E-08
9345600
-1E-12
9349200
-1E-12
9352800
-1E-12
9356400
-1E-12
9360000
-1E-12
9363600
-1E-12
9367200
-1E-12
9370800
-1E-12
9374400
-1E-12
9378000
-1E-12
9381600
-1E-12
9385200
-1E-12
9388800
-1E-12
9392400
-1E-12
9396000
-1E-12
9399600
-1E-12
9403200
-7.5276E-09
9406800
-2.03796E-08
9410400
-2.09304E-08
9414000
-1.94616E-08
9417600
-2.6622E-08
9421200
-3.87396E-08
9424800
-1.68912E-08
9428400
-6.0588E-09
9432000
-1E-12
9435600
5.55546E-08
9439200
-1E-12
9442800
-1E-12
9446400
5.55546E-08
9450000
5.55546E-08
9453600
2.22221E-07
9457200
5.55546E-08
9460800
-1E-12
9464400
5.55546E-08
9468000
5.55546E-08
9471600
-1E-12
9475200
-1E-12
9478800
-1E-12
9482400
-1E-12
9486000
-2.754E-09
9489600
-2.14812E-08
9493200
-5.03064E-08
9496800
-7.56432E-08
9500400
-5.70996E-08
9504000
-8.61084E-08
9507600
-6.40764E-08
9511200
-2.27664E-08
9514800
-3.672E-09
9518400
-3.672E-10
9522000
-1E-12
9525600
-1E-12
9529200
-1E-12
9532800
-1E-12
9536400
-1E-12
9540000
-1E-12
9543600
5.55546E-08
9547200
-1E-12
9550800
-1E-12
9554400
-1E-12
9558000
-1E-12
9561600
-1E-12
9565200
-1E-12
9568800
-1E-12
9572400
-1E-12
9576000
-1E-12